bolus_inad <- list(
    y = structure(
        c(5L, 5L, 6L, 4L, 8L, 10L, 2L, 14L, 7L, 3L,
          6L, 10L, 23L, 15L, 11L, 9L, 4L, 3L, 16L, 6L, 13L, 12L, 6L, 8L,
          9L, 22L, 8L, 6L, 5L, 23L, 9L, 8L, 9L, 2L, 9L, 15L, 11L, 3L, 18L,
          10L, 4L, 27L, 10L, 6L, 15L, 8L, 22L, 1L, 11L, 21L, 1L, 28L, 0L,
          3L, 5L, 13L, 3L, 7L, 17L, 3L, 3L, 25L, 12L, 3L, 14L, 2L, 3L,
          4L, 1L, 7L, 6L, 4L, 2L, 10L, 0L, 2L, 14L, 6L, 12L, 6L, 0L, 7L,
          1L, 5L, 1L, 6L, 11L, 2L, 0L, 6L, 9L, 7L, 4L, 6L, 21L, 6L, 4L,
          3L, 1L, 13L, 10L, 16L, 3L, 13L, 1L, 3L, 22L, 9L, 3L, 15L, 9L,
          8L, 0L, 5L, 12L, 10L, 15L, 1L, 0L, 2L, 6L, 1L, 8L, 1L, 4L, 2L,
          0L, 11L, 8L, 2L, 2L, 5L, 8L, 4L, 7L, 5L, 7L, 10L, 9L, 7L, 2L,
          2L, 8L, 8L, 8L, 3L, 2L, 6L, 2L, 3L, 7L, 15L, 2L, 0L, 3L, 0L,
          6L, 2L, 3L, 17L, 3L, 5L, 9L, 2L, 23L, 15L, 2L, 16L, 10L, 0L,
          3L, 15L, 15L, 5L, 1L, 6L, 4L, 1L, 8L, 9L, 10L, 35L, 0L, 3L, 7L,
          5L, 1L, 24L, 1L, 6L, 5L, 13L, 7L, 4L, 2L, 5L, 4L, 4L, 3L, 6L,
          4L, 4L, 8L, 8L, 1L, 3L, 2L, 7L, 9L, 8L, 2L, 0L, 6L, 5L, 6L, 10L,
          16L, 0L, 1L, 5L, 0L, 1L, 4L, 5L, 17L, 6L, 3L, 2L, 0L, 20L, 16L,
          10L, 10L, 12L, 0L, 7L, 24L, 10L, 10L, 0L, 7L, 9L, 6L, 24L, 0L,
          13L, 21L, 2L, 5L, 15L, 8L, 14L, 18L, 4L, 3L, 9L, 7L, 6L, 22L,
          2L, 2L, 4L, 3L, 3L, 8L, 8L, 8L, 17L, 9L, 9L, 5L, 4L, 7L, 12L,
          0L, 9L, 0L, 6L, 6L, 6L, 5L, 17L, 8L, 16L, 14L, 0L, 14L, 3L, 9L,
          15L, 4L, 4L, 2L, 3L, 21L, 7L, 8L, 12L, 21L, 4L, 12L, 27L, 15L,
          7L, 5L, 9L, 25L, 11L, 7L, 2L, 8L, 17L, 4L, 5L, 6L, 20L, 7L, 10L,
          11L, 7L, 3L, 9L, 9L, 11L, 4L, 4L, 5L, 12L, 3L, 6L, 7L, 4L, 4L,
          4L, 8L, 4L, 2L, 4L, 7L, 3L, 6L, 3L, 2L, 5L, 3L, 4L, 10L, 5L,
          8L, 11L, 0L, 6L, 0L, 5L, 15L, 1L, 7L, 4L, 4L, 22L, 10L, 0L, 8L,
          8L, 3L, 7L, 10L, 8L, 9L, 4L, 4L, 19L, 5L, 16L, 3L, 8L, 10L, 3L,
          6L, 0L, 13L, 6L, 9L, 2L, 3L, 4L, 19L, 3L, 16L, 4L, 0L, 0L, 1L,
          1L, 5L, 4L, 4L, 2L, 2L, 0L, 2L, 8L, 1L, 2L, 3L, 3L, 0L, 5L, 8L,
          0L, 3L, 19L, 3L, 7L, 8L, 3L, 2L, 2L, 7L, 13L, 3L, 3L, 3L, 5L,
          13L, 15L, 2L, 6L, 8L, 2L, 12L, 4L, 9L, 6L, 0L, 3L, 20L, 4L, 17L,
          6L, 15L, 5L, 4L, 1L, 10L, 10L, 2L, 12L, 10L, 4L, 2L, 4L, 4L,
          4L, 3L, 2L, 6L, 0L, 7L, 4L, 6L, 3L, 6L, 6L, 1L, 1L, 5L, 4L, 4L,
          2L, 4L, 1L, 4L, 2L, 0L, 2L, 14L, 4L, 3L, 5L, 0L, 7L, 0L, 1L,
          8L, 1L, 3L, 1L, 3L, 16L, 18L, 2L, 5L, 15L, 6L, 5L, 9L, 3L, 7L,
          3L, 0L, 15L, 3L, 2L, 5L, 9L, 4L, 10L, 1L, 12L, 9L, 3L, 6L, 1L,
          1L, 0L, 5L, 6L, 5L, 7L, 4L, 3L, 6L, 5L, 7L, 5L, 1L, 8L, 1L, 5L,
          3L, 1L, 2L, 2L, 1L, 4L, 1L, 5L, 9L, 2L, 4L, 13L, 7L, 7L, 7L,
          1L, 11L, 1L, 6L, 6L, 3L, 2L, 3L, 0L, 10L, 16L, 0L, 6L, 2L, 5L,
          6L, 5L, 4L, 3L, 0L, 8L, 9L, 2L, 15L, 3L, 4L, 3L, 3L, 1L, 9L,
          5L, 2L, 6L, 5L, 0L, 0L, 11L, 6L, 9L, 6L, 4L, 2L, 5L, 0L, 2L,
          2L, 3L, 9L, 8L, 4L, 4L, 1L, 3L, 2L, 2L, 5L, 3L, 5L, 3L, 6L, 5L,
          16L, 5L, 5L, 7L, 0L, 11L, 5L, 12L, 9L, 2L, 5L, 2L, 3L, 19L, 16L,
          7L, 7L, 4L, 4L, 6L, 9L, 3L, 8L, 1L, 2L, 4L, 3L, 25L, 3L, 9L,
          10L, 0L, 3L, 4L, 7L, 5L, 14L, 6L, 2L, 0L, 10L, 6L, 12L, 1L, 4L,
          7L, 3L, 1L, 5L, 4L, 4L, 1L, 5L, 1L, 3L, 5L, 2L, 2L, 2L, 4L, 0L,
          5L, 2L, 3L, 2L, 7L, 6L, 6L, 1L, 1L, 4L, 3L, 4L, 8L, 1L, 1L, 0L,
          7L, 8L, 15L, 3L, 6L, 7L, 4L, 13L, 7L, 6L, 2L, 3L, 2L, 22L, 7L,
          8L, 2L, 3L, 21L, 0L, 3L, 3L, 10L, 4L, 14L, 7L, 1L, 3L, 6L, 6L,
          12L, 2L, 2L, 4L, 5L, 1L, 0L, 4L, 6L, 4L, 5L, 0L, 3L, 10L, 2L,
          3L, 4L, 0L, 0L, 4L, 4L, 1L, 3L, 11L, 7L, 5L, 1L, 0L, 5L, 0L,
          6L, 4L, 0L, 1L, 1L, 3L, 9L, 11L, 1L, 11L, 1L, 0L, 17L, 12L, 6L,
          7L, 3L, 0L, 22L, 2L, 6L, 2L, 14L, 11L, 1L, 1L, 16L, 10L, 2L,
          5L, 11L, 0L, 4L, 9L, 0L, 7L, 0L),
        dim = c(65L, 12L)
    ),
    y_2mg = structure(
        c(5L, 5L, 6L, 4L, 8L, 10L, 2L, 14L, 7L, 3L, 6L, 10L, 23L, 15L, 11L,
          9L, 4L, 3L, 16L, 6L, 13L, 12L, 6L, 8L, 9L, 22L, 8L, 6L, 5L, 23L,
          2L, 3L, 4L, 1L, 7L, 6L, 4L, 2L, 10L, 0L, 2L, 14L, 6L, 12L, 6L,
          0L, 7L, 1L, 5L, 1L, 6L, 11L, 2L, 0L, 6L, 9L, 7L, 4L, 6L, 21L,
          2L, 5L, 8L, 4L, 7L, 5L, 7L, 10L, 9L, 7L, 2L, 2L, 8L, 8L, 8L,
          3L, 2L, 6L, 2L, 3L, 7L, 15L, 2L, 0L, 3L, 0L, 6L, 2L, 3L, 17L,
          5L, 4L, 4L, 3L, 6L, 4L, 4L, 8L, 8L, 1L, 3L, 2L, 7L, 9L, 8L, 2L,
          0L, 6L, 5L, 6L, 10L, 16L, 0L, 1L, 5L, 0L, 1L, 4L, 5L, 17L, 2L,
          4L, 3L, 3L, 8L, 8L, 8L, 17L, 9L, 9L, 5L, 4L, 7L, 12L, 0L, 9L,
          0L, 6L, 6L, 6L, 5L, 17L, 8L, 16L, 14L, 0L, 14L, 3L, 9L, 15L,
          4L, 5L, 12L, 3L, 6L, 7L, 4L, 4L, 4L, 8L, 4L, 2L, 4L, 7L, 3L,
          6L, 3L, 2L, 5L, 3L, 4L, 10L, 5L, 8L, 11L, 0L, 6L, 0L, 5L, 15L,
          0L, 0L, 1L, 1L, 5L, 4L, 4L, 2L, 2L, 0L, 2L, 8L, 1L, 2L, 3L, 3L,
          0L, 5L, 8L, 0L, 3L, 19L, 3L, 7L, 8L, 3L, 2L, 2L, 7L, 13L, 2L,
          6L, 0L, 7L, 4L, 6L, 3L, 6L, 6L, 1L, 1L, 5L, 4L, 4L, 2L, 4L, 1L,
          4L, 2L, 0L, 2L, 14L, 4L, 3L, 5L, 0L, 7L, 0L, 1L, 8L, 4L, 3L,
          6L, 5L, 7L, 5L, 1L, 8L, 1L, 5L, 3L, 1L, 2L, 2L, 1L, 4L, 1L, 5L,
          9L, 2L, 4L, 13L, 7L, 7L, 7L, 1L, 11L, 1L, 6L, 6L, 4L, 2L, 5L,
          0L, 2L, 2L, 3L, 9L, 8L, 4L, 4L, 1L, 3L, 2L, 2L, 5L, 3L, 5L, 3L,
          6L, 5L, 16L, 5L, 5L, 7L, 0L, 11L, 5L, 12L, 9L, 4L, 7L, 3L, 1L,
          5L, 4L, 4L, 1L, 5L, 1L, 3L, 5L, 2L, 2L, 2L, 4L, 0L, 5L, 2L, 3L,
          2L, 7L, 6L, 6L, 1L, 1L, 4L, 3L, 4L, 8L, 2L, 4L, 5L, 1L, 0L, 4L,
          6L, 4L, 5L, 0L, 3L, 10L, 2L, 3L, 4L, 0L, 0L, 4L, 4L, 1L, 3L,
          11L, 7L, 5L, 1L, 0L, 5L, 0L, 6L, 4L),
        dim = c(30L, 12L)
    ),
    y_1mg = structure(
        c(9L, 8L, 9L, 2L, 9L, 15L, 11L, 3L, 18L, 10L, 4L, 27L, 10L, 6L, 15L,
          8L, 22L, 1L, 11L, 21L, 1L, 28L, 0L, 3L, 5L, 13L, 3L, 7L, 17L,
          3L, 3L, 25L, 12L, 3L, 14L, 6L, 4L, 3L, 1L, 13L, 10L, 16L, 3L,
          13L, 1L, 3L, 22L, 9L, 3L, 15L, 9L, 8L, 0L, 5L, 12L, 10L, 15L,
          1L, 0L, 2L, 6L, 1L, 8L, 1L, 4L, 2L, 0L, 11L, 8L, 2L, 3L, 5L,
          9L, 2L, 23L, 15L, 2L, 16L, 10L, 0L, 3L, 15L, 15L, 5L, 1L, 6L,
          4L, 1L, 8L, 9L, 10L, 35L, 0L, 3L, 7L, 5L, 1L, 24L, 1L, 6L, 5L,
          13L, 7L, 4L, 2L, 6L, 3L, 2L, 0L, 20L, 16L, 10L, 10L, 12L, 0L,
          7L, 24L, 10L, 10L, 0L, 7L, 9L, 6L, 24L, 0L, 13L, 21L, 2L, 5L,
          15L, 8L, 14L, 18L, 4L, 3L, 9L, 7L, 6L, 22L, 2L, 4L, 4L, 2L, 3L,
          21L, 7L, 8L, 12L, 21L, 4L, 12L, 27L, 15L, 7L, 5L, 9L, 25L, 11L,
          7L, 2L, 8L, 17L, 4L, 5L, 6L, 20L, 7L, 10L, 11L, 7L, 3L, 9L, 9L,
          11L, 4L, 1L, 7L, 4L, 4L, 22L, 10L, 0L, 8L, 8L, 3L, 7L, 10L, 8L,
          9L, 4L, 4L, 19L, 5L, 16L, 3L, 8L, 10L, 3L, 6L, 0L, 13L, 6L, 9L,
          2L, 3L, 4L, 19L, 3L, 16L, 4L, 3L, 3L, 3L, 5L, 13L, 15L, 2L, 6L,
          8L, 2L, 12L, 4L, 9L, 6L, 0L, 3L, 20L, 4L, 17L, 6L, 15L, 5L, 4L,
          1L, 10L, 10L, 2L, 12L, 10L, 4L, 2L, 4L, 4L, 4L, 3L, 1L, 3L, 1L,
          3L, 16L, 18L, 2L, 5L, 15L, 6L, 5L, 9L, 3L, 7L, 3L, 0L, 15L, 3L,
          2L, 5L, 9L, 4L, 10L, 1L, 12L, 9L, 3L, 6L, 1L, 1L, 0L, 5L, 6L,
          5L, 7L, 3L, 2L, 3L, 0L, 10L, 16L, 0L, 6L, 2L, 5L, 6L, 5L, 4L,
          3L, 0L, 8L, 9L, 2L, 15L, 3L, 4L, 3L, 3L, 1L, 9L, 5L, 2L, 6L,
          5L, 0L, 0L, 11L, 6L, 9L, 6L, 2L, 5L, 2L, 3L, 19L, 16L, 7L, 7L,
          4L, 4L, 6L, 9L, 3L, 8L, 1L, 2L, 4L, 3L, 25L, 3L, 9L, 10L, 0L,
          3L, 4L, 7L, 5L, 14L, 6L, 2L, 0L, 10L, 6L, 12L, 1L, 1L, 1L, 0L,
          7L, 8L, 15L, 3L, 6L, 7L, 4L, 13L, 7L, 6L, 2L, 3L, 2L, 22L, 7L,
          8L, 2L, 3L, 21L, 0L, 3L, 3L, 10L, 4L, 14L, 7L, 1L, 3L, 6L, 6L,
          12L, 2L, 0L, 1L, 1L, 3L, 9L, 11L, 1L, 11L, 1L, 0L, 17L, 12L,
          6L, 7L, 3L, 0L, 22L, 2L, 6L, 2L, 14L, 11L, 1L, 1L, 16L, 10L,
          2L, 5L, 11L, 0L, 4L, 9L, 0L, 7L, 0L),
        dim = c(35L, 12L)
    ),